0.48903179312064626
0.5722308856403975
0.1550890056256085
0.5621449475945591
0.7544774348526189
0.9209186668776662
0.386051190868446
0.7120296207241615
0.2642300381436005
0.7990975141528207
0.3766514247687061
0.7332275014241962
0.9694636779967035
0.43459620198748333
0.42060612127753766
0.7981237890582505
1.0
0.8224357177316025
0.2875682417223823
0.132178125164526
0.11521982262856345
0.12240604073506588
0.6572735167442861
0.9747517216361561
0.43988424562693584
0.9301145875146933
0.5614606038043928
0.8658529536744584
0.8373132280481504
0.8597309014352108
0.6227776375280707
0.2684579429786068
