-1.8432544403091902
1.3722761106308512
-0.19772106273825263
-2.56997736089794
-0.5435971757552791
2.7066708268695776
1.6526366657485476
-2.204410019430709
-1.7144232521382297
0.7549323938914815
0.7716147851039805
-1.2798995683175465
0.21951220827783893
2.941527737965278
-0.8007937856529426
2.1948849737455163
-2.6925443160210047
0.973100331517112
-0.6448612135483195
-1.9291274182303744
0.411786699309596
0.6278200530700039
-0.1347285716325086
0.3522410154035607
-2.725803623426191
0.5227063329316931
-0.16641217490445986
-1.6734212755816975
1.8392980173303752
1.666927029288732
-0.3760693759776495
-0.10714349329774875
-1.2387069927239678
-1.7849248140063916
2.217061009857496
-1.538790263470241
-1.429944532783318
-2.036877266539558
-1.0733291264500686
1.302168446345956
-0.2413969454571572
-0.2265014929877183
2.4926023361552057
1.225209535460662
-0.12556191791663848
-0.8732151163351481
1.7965154956121427
-3.134037951412497
-1.1951054311060256
1.0202672975092553
-2.6452190268989386
-1.241583614997394
-0.1500722010225837
-1.2458457814783401
-0.23500204937460029
2.4974733883616103
-1.0379009418189844
-1.5450725213366632
0.16814103060287525
-0.22922363670290263
-2.4401126686939962
-2.7437341142242984
-0.4432036997968141
0.40873120816374375
-1.8267593388341032
-1.165601694033984
-0.44325771859086616
-0.5937505244367014
0.43273828667560965
-0.2222150293829632
-0.2844458218713755
-0.7249957859615563
-0.24068209403676222
-2.6628101852613653
-1.2350090275781416
-2.810109861402828
1.74422112647029
-1.1969368830100697
-1.3438748960387612
-0.40531739971204517
-1.6307826851224025
0.08965961159488868
-0.8274551473803824
-0.23276234814797453
-0.37636836840725224
-0.4024467532455376
0.1575623408471339
-0.9079291596618291
-0.4321296851552969
-0.4398080470928119
-0.2956650790986822
-0.39517424800874085
-0.4172805947155951
-0.7577183508937095
-1.4631642140373107
-0.4325160850118696
3.0299239515850913
0.46700339194250434
-0.535827029706984
-0.043569893019017876
-0.398356430220149
0.5864137714053903
-0.4974437330371039
-1.1184931079886795
-1.2790336124418655
-0.545405769903055
-0.4124861343661188
-0.5510466114571093
-0.6372201803504902
1.188788797773403
-0.34567859199914136
-0.06943366308211575
-0.44768904746925053
-1.9166262004382573
-1.3390029833555677
-2.050268933637818
0.6048800316024766
-0.00028074819516035255
-1.7332145688943188
-0.46099823619054303
-0.34598762434361263
-0.4713388989065702
-0.3699375807238264
-0.8880494357896824
-2.219136470970548
-0.12990405263868546
0.12661312614114603
0.2758151192859948
-0.8310953644938649
-0.7963425689848975
-0.19520495702129306
-2.3104238433732447
2.1599333264939222
-0.8977845323085865
0.37879079257070614
-0.2342874026533244
0.033821983870328615
-0.1627172191388668
0.5439554328960996
0.5249664891598261
0.31040858444107644
0.301906682254965
0.054684586810615804
-0.2647904506735179
0.21868479958652973
-0.21029394429869644
3.0094693119070315
-2.517816961012097
-0.21296910027457752
0.6995394888702438
0.35613944240542117
-2.57382118073759
-0.20631951088196868
1.4780562151993468
0.30992138228511723
0.04584018311109147
0.15283377317066613
-1.9471439096111711
-0.6382645578516721
-0.2756171938279286
-0.9283281865661606
1.591209899557555
-0.23881562632758094
0.4286320564436179
0.11989081705766555
-0.5821943205323483
0.12576072001738378
0.5406373314009775
-0.7126939318641367
-0.6310724479232476
1.0648084868416743
1.1853762658552767
1.2137626837118527
1.9312561107673396
-0.47251599341721295
0.6868694115121474
0.0451250518096484
0.46639405664428385
0.689227014223131
-0.6665471776671372
0.583818059096912
1.5891602307858934
0.6719444519300618
-0.3265197538391629
0.6019182283888103
0.5736004159077417
2.0814986379278424
0.5981481632894574
1.454265215510258
-0.23000871691919103
1.75955813243324
0.02078935275610203
1.757947243044387
0.1730166670606523
-0.23931353564104096
3.08812255016689
-0.020241568981919804
0.28398127964297415
0.48468139287637396
0.2520051741589248
0.7354150544046325
0.2671408353053859
-0.7742698817765288
-0.06434413960436494
0.332940979433024
-0.022392270846562815
0.016589670553169508
-0.3954522412971902
0.1977507780109389
0.23322723020245018
-0.5813879896774774
2.9048705553713394
1.0771384382683515
1.1763639701905124
2.242472113668134
0.5381999888599172
2.3974199209911227
-1.0391939543116033
-1.0893303148405524
0.513772450948341
2.6766377037657874
0.0682700266298377
2.916039479738797
0.28930526542743934
1.4211268336528233
-0.04251832698866334
1.6627977364780284
3.020597276409687
1.3945834187656794
1.8914258232066445
1.1220981284542975
-0.30349272329824145
-1.8862158019168647
0.8081999840498973
-0.3657664875633551
2.58345542119943
-0.4544790010659707
0.4000395278749017
-1.2079788806739
-0.01224504067608414
-2.6161449834380224
2.9424722708555917
0.34316898201245044
0.7592895619410117
0.4847286329520471
0.8076211309362883
-0.4736134571343362
-0.0275549588594697
-0.9304316079554671
1.8911458249956756
1.0104325285813578
-0.20067792700246057
2.8120334845351946
2.139974603000044
0.11630316668957437
-0.9328794150105122
