0.8340052336123127
-0.046589778916446646
-0.24237727677328927
0.04669126664595247
-0.2134608684365097
0.8542863115730073
0.5947361673207
0.20938211500111512
-0.46696631620950346
0.6150292263563236
0.732416426133537
-1.3101200946821019
1.2623448309481777
2.1162845747780024
2.5864744851793797
0.7710462272968264
1.8392001452371602
1.9902746653197618
-0.19636949557548647
-2.616379254165004
-2.042995513398876
1.8722886963735765
-2.505829230855405
2.703679097712122
-0.5951897503486852
0.5699153919620261
-2.825060147986213
-2.895832069196256
-2.0993712973291863
-0.8467544737578473
0.13460580586460724
0.3439466112580953
