0.18812950702130948
0.31252516081360265
0.4386406572072541
0.5394485081583721
0.5938485281074902
0.5944928638033085
0.5501648402606257
0.48139623050503566
0.41112951967318917
0.3547017572089564
0.3139740314757411
0.27863464348427336
0.23427317435680722
0.17333383822234966
0.10324261909692986
0.046907632801179384
0.03420241650505465
0.08749397399642601
0.2076777631500529
0.3677769429439908
0.5184117011317056
0.6043626492091296
0.5862360620224367
0.458302556546172
0.25443976550520264
0.038626288823181976
-0.11719974119891399
-0.1596146437602374
-0.07404124529892936
0.10934014094824487
0.3266632110347939
0.5041439152621973
0.5851802820613663
0.5502346086809103
0.42209295938506247
0.2551449036158311
0.1136607695528728
0.048028690656384466
0.07803926860180438
0.18878629172984585
0.33933297618462677
0.47938826888047315
0.5668233682801301
0.5796429174802119
0.5192535107068679
0.40581354988109164
0.2692877107213064
0.14051128003693292
0.04520115161798953
0.0015020887122176683
0.019714348667256815
0.10227077967378273
0.24289849201493274
0.42546093125263107
0.6241340605891343
0.8065260290142264
0.9400485725097009
1.0
0.97649141160153
0.8773634567645644
0.7257131300674449
0.5529006651786755
0.3898167019995344
0.25979208440640916
0.17552747206799865
0.14034051474890494
0.15196267055660634
0.2061343796459671
0.29782778906269963
0.41970681907555923
0.5593974028858835
0.6981590197968848
0.8129976067392556
0.8823722198092219
0.8934157842833023
0.8472571507069889
0.7594300303239839
0.6544369527956635
0.5563523734479581
0.4794933522469773
0.4235045268409002
0.37539902934493813
0.31792189622954503
0.2405318278001117
0.14782456512521341
0.061127003696905234
0.011941665287055219
0.02960235925107919
0.12822935248581097
0.2985837375274039
0.5084685433274587
0.7117856095537815
0.8628129361985561
0.9302591074462844
0.9059797655025706
0.8056324779722108
0.6618355501574674
0.5131136086673247
0.3929758540921353
0.32264791901778794
0.30890340652086873
0.3462320577157546
0.4212431889929893
0.5171551827580244
0.6171669678538138
0.7066829587771115
0.7750154355199707
0.8170015037247406
0.8342164808120713
0.8348010205272983
0.8309672981153986
0.8341881925504938
0.8494851430734832
0.871300185075098
0.8834028172123569
0.8638926314861554
0.7940898089250202
0.667990658370466
0.4981076877989362
0.31451812642658106
0.15655888185082628
0.059768559412165925
0.042974244226047
0.10074126338795131
0.2044835853957279
0.31211499612228427
0.3826510429144747
0.39015043090157664
