0.04804493115765474
0.050185870619384086
0.1359133763591085
0.24845585190853456
0.2565705840950381
0.17210485411427337
0.1399205271176836
0.20235677522221654
0.23980284491735576
0.18261510538315598
0.12307743066053617
0.1531918799698405
0.23186200766874002
0.29072450087806906
0.34752620561511166
0.426464540078732
0.4723962939830065
0.43708028081489986
0.364791595448483
0.309670536295463
0.2508238110522047
0.1688683707592655
0.12156105802491203
0.1566089429650581
0.22717018773224784
0.2786759034261466
0.3383977285222681
0.4281841938109378
0.47580823881580897
0.42522137980818797
0.3591015841386615
0.38541650036047576
0.46143839271203796
0.4653245804189061
0.40075033471333055
0.38867852172541606
0.4732098406867766
0.5714649046634058
0.6165772523459634
0.6245141781348045
0.6091893512500237
0.5533539011547798
0.4884601659132057
0.4919852671145313
0.5685316702159312
0.6264249719689162
0.6060272498827706
0.5454233382314524
0.4897355921401044
0.42833839867764456
0.3645530804970704
0.357029871969261
0.4297631239178649
0.5120302016736391
0.5358396610503573
0.5394629523575212
0.6026725973621391
0.7137579358182335
0.7750773030680979
0.7364770569470397
0.6650305640957583
0.6615144139126371
0.73381715001701
0.7817966012629022
0.7179289225958828
0.5857751147157
0.5185881193343458
0.5708332458954116
0.6457311405008249
0.6318037456426643
0.5575069340947297
0.5377662759320588
0.6038999050761678
0.6791161732611968
0.7120489832426474
0.7384920886407977
0.7971278693069092
0.8693955178533871
0.9282780940904921
0.974693169720526
1.0
0.9777680586733092
0.9160698468787732
0.8563852467330051
0.8044907139727976
0.7311013950782934
0.6561920083804791
0.6498599963844822
0.7174704868824613
0.7637648105827337
0.7152708754674213
0.6118989232198266
0.5380163496499651
0.5284721500525146
0.5774135354556654
0.6653676723300841
0.7361246161377805
0.7240702231307775
0.6512351630335401
0.6185614620976778
0.6544893775757973
0.6659060223904948
0.6006301463113747
0.5513346755412768
0.6035216533484284
0.678201803938867
0.6480887309905212
0.5353441426082546
0.4579134361292645
0.4334261042916556
0.38464509683258225
0.3126947884806556
0.311278438030795
0.40098825715199743
0.486720510594475
0.5054900920725218
0.496470170638218
0.49249357441973096
0.45626492990264317
0.37042156168060736
0.29125909056253835
0.2587762603038953
0.23568505786198563
0.18718646371745049
0.1453045638201287
0.13969980464697382
0.13327037054709948
0.08575816715410846
