-1.5671517661698273
-1.5671517661698273
-1.5671517661698273
-1.5671517661698273
-0.7927010896137843
-0.7927010896137843
-0.7927010896137843
-0.7927010896137843
1.8644574078228042
1.8644574078228042
1.8644574078228042
1.8644574078228042
2.0563156881895814
2.0563156881895814
2.0563156881895814
2.0563156881895814
0.023320460853223233
0.023320460853223233
0.023320460853223233
0.023320460853223233
2.8588890872478423
2.8588890872478423
2.8588890872478423
2.8588890872478423
-1.8439694611015114
-1.8439694611015114
-1.8439694611015114
-1.8439694611015114
-1.2385383686797644
-1.2385383686797644
-1.2385383686797644
-1.2385383686797644
-1.2615670020485361
-1.2615670020485361
-1.2615670020485361
-1.2615670020485361
-2.726039897673978
-2.726039897673978
-2.726039897673978
-2.726039897673978
-0.5603976336350912
-0.5603976336350912
-0.5603976336350912
-0.5603976336350912
2.6505165788447282
2.6505165788447282
2.6505165788447282
2.6505165788447282
2.442581373762485
2.442581373762485
2.442581373762485
2.442581373762485
-1.8683724366187946
-1.8683724366187946
-1.8683724366187946
-1.8683724366187946
-0.563446363446505
-0.563446363446505
-0.563446363446505
-0.563446363446505
-0.26715561429719537
-0.26715561429719537
-0.26715561429719537
-0.26715561429719537
0.14040084929112787
0.14040084929112787
0.14040084929112787
0.14040084929112787
-0.8394560997378939
-0.8394560997378939
-0.8394560997378939
-0.8394560997378939
-0.11944952815899396
-0.11944952815899396
-0.11944952815899396
-0.11944952815899396
-0.6122849471858535
-0.6122849471858535
-0.6122849471858535
-0.6122849471858535
0.03977738154897775
0.03977738154897775
0.03977738154897775
0.03977738154897775
2.9642377176164323
2.9642377176164323
2.9642377176164323
2.9642377176164323
-0.13230770512204182
-0.13230770512204182
-0.13230770512204182
-0.13230770512204182
2.2085369635343874
2.2085369635343874
2.2085369635343874
2.2085369635343874
0.4264757683657453
0.4264757683657453
0.4264757683657453
0.4264757683657453
0.3524925555315688
0.3524925555315688
0.3524925555315688
0.3524925555315688
0.0966030582620687
0.0966030582620687
0.0966030582620687
0.0966030582620687
0.24285414501103972
0.24285414501103972
0.24285414501103972
0.24285414501103972
-2.538892871144742
-2.538892871144742
-2.538892871144742
-2.538892871144742
-0.05254882485829817
-0.05254882485829817
-0.05254882485829817
-0.05254882485829817
-2.9340812724062633
-2.9340812724062633
-2.9340812724062633
-2.9340812724062633
-0.6959741556508015
-0.6959741556508015
-0.6959741556508015
-0.6959741556508015
