0.9921471752304706
0.9921471752304706
0.9921471752304706
0.9921471752304706
2.857569341849429
2.857569341849429
2.857569341849429
2.857569341849429
-1.6116516984864584
-1.6116516984864584
-1.6116516984864584
-1.6116516984864584
2.4858089807948582
2.4858089807948582
2.4858089807948582
2.4858089807948582
2.6334713590715717
2.6334713590715717
2.6334713590715717
2.6334713590715717
2.5718288348815714
2.5718288348815714
2.5718288348815714
2.5718288348815714
-1.2824525570963614
-1.2824525570963614
-1.2824525570963614
-1.2824525570963614
0.9333614550146777
0.9333614550146777
0.9333614550146777
0.9333614550146777
-1.8888304936032931
-1.8888304936032931
-1.8888304936032931
-1.8888304936032931
-0.09734873273207902
-0.09734873273207902
-0.09734873273207902
-0.09734873273207902
-0.802815812588726
-0.802815812588726
-0.802815812588726
-0.802815812588726
-0.7672940697628113
-0.7672940697628113
-0.7672940697628113
-0.7672940697628113
-0.4542213850910175
-0.4542213850910175
-0.4542213850910175
-0.4542213850910175
0.698351784411316
0.698351784411316
0.698351784411316
0.698351784411316
-1.3895418214537358
-1.3895418214537358
-1.3895418214537358
-1.3895418214537358
-1.5135090908828295
-1.5135090908828295
-1.5135090908828295
-1.5135090908828295
-0.24182498675072606
-0.24182498675072606
-0.24182498675072606
-0.24182498675072606
-0.469736087347661
-0.469736087347661
-0.469736087347661
-0.469736087347661
-0.48812981961502305
-0.48812981961502305
-0.48812981961502305
-0.48812981961502305
-2.8967370517253315
-2.8967370517253315
-2.8967370517253315
-2.8967370517253315
-1.4157657167942113
-1.4157657167942113
-1.4157657167942113
-1.4157657167942113
0.1387322863760628
0.1387322863760628
0.1387322863760628
0.1387322863760628
1.2875942741293611
1.2875942741293611
1.2875942741293611
1.2875942741293611
0.8565163768419612
0.8565163768419612
0.8565163768419612
0.8565163768419612
0.06382760709236
0.06382760709236
0.06382760709236
0.06382760709236
0.049215452442096214
0.049215452442096214
0.049215452442096214
0.049215452442096214
0.07398622672917796
0.07398622672917796
0.07398622672917796
0.07398622672917796
-0.1292663713446072
-0.1292663713446072
-0.1292663713446072
-0.1292663713446072
-0.4859591321350119
-0.4859591321350119
-0.4859591321350119
-0.4859591321350119
0.3622036153670398
0.3622036153670398
0.3622036153670398
0.3622036153670398
0.33510610580231054
0.33510610580231054
0.33510610580231054
0.33510610580231054
-0.04053988154470747
-0.04053988154470747
-0.04053988154470747
-0.04053988154470747
