0.8446457534435543
0.3060848481334663
0.5153253465012103
0.971799656658554
0.7557656028279807
0.40602261937317025
0.5646870653954503
0.5847917957510742
0.39221452307093013
0.28503433550737434
0.14466407985839813
0.13663716269972692
0.9565462628028437
0.6318093689223347
0.06521233525105626
0.15564698082708656
0.008568073820742789
0.06335415423206296
0.8524239038394479
0.8201097711476579
0.38472860262569614
0.10122763123928018
0.20683366869730022
0.5276949911922221
0.21653511898601133
0.38691363847355376
0.5800125887352985
0.28369637663528813
0.15050364892006052
0.9100805732205636
0.32578555520022257
0.36406121755226933
0.6180665017496547
0.08252151296024336
0.7644945741084678
0.7372809384733244
0.7947231575597277
0.7458238005756045
0.8038089991407985
0.5513834751584114
0.24773531535537735
0.25698935766300246
0.6261212147390537
0.3410723492160185
0.6055576709678353
0.6059374005417417
0.16248931420491167
0.2796501606575231
1.0
0.05531442015870328
0.4731400649770983
0.3367531285156159
0.240293024055894
0.3598161428182832
0.3205867447701518
0.7944186145655554
0.1277833473506692
0.16438381399885393
0.9214083409293756
0.5131185269998477
0.36421553024242104
0.3105300618674675
0.8348864797503037
0.006371101031357363
