-0.15995093689676457
-0.8950939065262127
0.01036566234059849
-1.870762432614873
-0.5606430734300025
0.5873389392020628
-0.26909412262691684
-0.1762957263857623
-2.7287904551662345
-1.953876787068425
-1.1200881511229757
-2.3441638319454996
0.6612268529585906
-0.31283601860220056
-0.4617298843274853
1.8784188156243697
-3.1098904096620625
-0.7825521872155882
0.6448046967654225
-1.0206284928948033
0.22644411967364733
-2.7928725886124055
1.4506802522848836
0.4841453123553485
-1.1706577796139268
-0.15468254654126692
-0.2518818901161643
-2.7260703388976104
0.9443810311668157
-0.6076794018525881
-0.027089691197486297
0.9635469986402071
-3.0081892956212184
-0.6064822997250057
2.0283367406521493
0.413575167636053
-2.743868967725076
-0.3808537536158584
1.149935014573114
0.27953656199195764
-0.548551074604511
1.4065233836930005
0.4523990198275615
-0.26015960017262363
0.10993365039185994
1.3857895773239228
2.4478891897901938
-1.122622668912989
-0.6832468505226832
-1.7342013041120732
-0.9858500163472493
1.6375596300859578
-0.6927345765402627
1.0867276531586219
-0.04919888765818949
-2.183947572834114
-0.1844726750493522
1.60798324105686
1.2238416633154703
1.009772826280891
2.443693939166634
-2.288677918940605
0.36703520367526876
-2.7088017262282325
