0.6006001442630032
0.862720650538667
0.6011791950313464
0.08929154641999293
0.2418977200820646
0.8415642786684171
0.7582099114923557
0.31542668783827077
0.2230179714403809
0.2371579442352814
0.3972348402461839
0.17828770310432768
0.7171966745272653
0.12521277574423959
0.9693996782309166
0.9131528500367213
0.02559777823726676
0.9210576501752047
0.40318370441948387
0.7689191250997739
0.5016021313445854
0.7262336202291779
0.8191870429838474
0.5919868820333183
0.307445788669274
0.7822789824867065
0.4218916666692939
0.7946483016900407
0.6787125883767572
0.18729819969519873
1.0
0.0905964811227162
