0.09274803384149442
0.17610337923852987
0.20967844525827692
0.0903697315154261
0.20967844525827692
0.32898715900112774
0.44829587274397864
0.5676045864868295
0.6869133002296802
0.6470822513488869
0.7663909650917377
0.8856996788345884
0.7663909650917377
0.8856996788345886
0.7663909650917377
0.6470822513488869
0.6724782200692557
0.5531695063264048
0.43386079258355414
0.3145520788407034
0.37021118926558994
0.25614847703607596
0.37545719077892675
0.49476590452177754
0.6140746182646284
0.7333833320074792
0.6140746182646284
0.5323759363933451
0.4130672226504943
0.5323759363933451
0.6516846501361959
0.5323759363933451
0.6516846501361959
0.7709933638790467
0.6516846501361959
0.7709933638790467
0.8903020776218975
0.8349515699481804
0.8145613073826233
0.9338700211254741
1.0
0.8806912862571492
0.8316687169975757
0.7123600032547249
0.593051289511874
0.7123600032547249
0.6218444367406329
0.7175643857460903
0.6472703930047135
0.5279616792618627
0.5014439769365479
0.3967573370385648
0.27744862329571396
0.15813990955286314
0.2051145830950166
0.3244232968378674
0.4437320105807183
0.32442329683786747
0.4437320105807183
0.32442329683786747
0.20511458309501665
0.3244232968378676
0.20511458309501668
0.10637483533639022
