0.010473599606606182
0.006705203671607145
0.026063273766024263
0.04542134386044138
0.026063273766024263
0.04542134386044138
0.06477941395485849
0.0817670876491807
0.10112515774359782
0.12048322783801495
0.10112515774359782
0.11675474563736894
0.13611281573178607
0.11675474563736894
0.13611281573178607
0.15547088582620316
0.1748289559206203
0.19418702601503743
0.2135450961094545
0.1941870260150374
0.18696105603448052
0.20631912612889763
0.22567719622331472
0.24503526631773187
0.264393336412149
0.28375140650656616
0.30310947660098325
0.28375140650656616
0.30310947660098325
0.32246754669540045
0.30310947660098325
0.3224675466954004
0.30310947660098325
0.32246754669540034
0.34182561678981754
0.3224675466954004
0.30310947660098325
0.28375140650656616
0.30310947660098325
0.3224675466954004
0.34182561678981754
0.3611836868842347
0.38054175697865184
0.3611836868842347
0.38054175697865184
0.3611836868842347
0.38054175697865184
0.3998998270730689
0.38054175697865184
0.3998998270730689
0.41925789716748607
0.4386159672619032
0.45797403735632036
0.47733210745073745
0.4966901775451546
0.47733210745073745
0.45797403735632036
0.47733210745073745
0.4966901775451546
0.47733210745073745
0.45797403735632036
0.43861596726190316
0.45797403735632036
0.4386159672619033
0.45797403735632036
0.47733210745073745
0.4966901775451546
0.47733210745073745
0.4966901775451546
0.5160482476395719
0.4966901775451546
0.5160482476395718
0.4966901775451546
0.47733210745073745
0.4966901775451546
0.5160482476395718
0.4966901775451546
0.5160482476395718
0.5354063177339888
0.554764387828406
0.5741224579228231
0.554764387828406
0.5741224579228231
0.5934805280172403
0.5741224579228231
0.5934805280172403
0.6128385981116574
0.5934805280172403
0.6128385981116574
0.6321966682060746
0.6128385981116574
0.5934805280172403
0.6128385981116574
0.6321966682060746
0.6515547383004917
0.6709128083949089
0.690270878489326
0.6709128083949089
0.690270878489326
0.7096289485837431
0.7289870186781603
0.7483450887725773
0.7677031588669945
0.7870612289614116
0.8064192990558288
0.8257773691502459
0.8451354392446631
0.8257773691502459
0.8451354392446631
0.8644935093390802
0.8838515794334973
0.9032096495279144
0.8838515794334973
0.9032096495279144
0.8838515794334973
0.9032096495279144
0.9225677196223315
0.9032096495279144
0.8838515794334973
0.8644935093390802
0.8838515794334973
0.9032096495279144
0.9225677196223316
0.9032096495279145
0.9225677196223315
0.9032096495279144
0.9225677196223315
0.9419257897167487
0.9612838598111658
0.9419257897167487
0.9225677196223315
0.9419257897167487
0.9612838598111658
0.9806419299055829
0.9612838598111656
0.9806419299055829
0.9612838598111656
0.9806419299055829
1.0
0.9806419299055829
0.9612838598111656
0.9806419299055829
1.0
0.9806419299055829
1.0
0.9806419299055829
0.9612838598111656
0.9419257897167485
0.9225677196223314
0.9032096495279144
0.9225677196223314
0.9419257897167486
0.9612838598111658
0.9419257897167487
0.9612838598111656
0.9806419299055831
0.9612838598111656
0.9806419299055829
1.0
0.9806419299055829
1.0
0.9806419299055829
0.9612838598111657
0.9419257897167487
0.9612838598111657
0.9806419299055829
0.9612838598111657
0.9419257897167485
0.9612838598111657
0.9419257897167485
0.9612838598111656
0.9419257897167485
0.9612838598111656
0.9419257897167487
0.9225677196223314
0.9419257897167487
0.9225677196223314
0.9419257897167486
0.9612838598111657
0.9419257897167486
0.9225677196223314
0.9032096495279143
0.8838515794334972
0.8644935093390802
0.845135439244663
0.8257773691502458
0.845135439244663
0.8257773691502457
0.8064192990558287
0.8257773691502458
0.845135439244663
0.8257773691502458
0.8451354392446631
0.8257773691502458
0.8064192990558287
0.7870612289614115
0.7677031588669944
0.7483450887725772
0.7289870186781601
0.7483450887725772
0.7289870186781601
0.7096289485837429
0.7289870186781601
0.7483450887725773
0.7289870186781601
0.709628948583743
0.6902708784893259
0.6709128083949087
0.6902708784893259
0.6709128083949087
0.6515547383004916
0.6709128083949087
0.6515547383004916
0.6321966682060745
0.6128385981116573
0.6321966682060745
0.6128385981116573
0.5934805280172402
0.574122457922823
0.5547643878284059
0.574122457922823
0.5547643878284059
0.5354063177339887
0.5160482476395717
0.4966901775451545
0.4773321074507374
0.4579740373563203
0.4386159672619031
0.45797403735632025
0.4386159672619031
0.41925789716748596
0.39989982707306876
0.3805417569786517
0.3611836868842346
0.34182561678981743
0.3611836868842346
0.34182561678981743
0.3224675466954003
0.34182561678981743
0.3224675466954003
0.30310947660098314
0.2837514065065661
0.2643933364121489
0.24503526631773176
0.22567719622331464
0.20631912612889755
0.18696105603448043
0.16760298594006337
0.14824491584564622
0.1288868457512291
0.10952877565681199
0.09017070556239487
0.07491364691124122
0.055555576816824104
0.03619750672240698
0.016839436627989864
