0.024161845136935572
-0.5725309230536457
1.8102490469049914
0.42943268501228987
-1.5304165562617016
0.24214987298726154
-0.24291645823923705
-3.057459413888839
2.814262966370337
0.04329636428974145
-0.7286787082193958
-0.17964944330165075
-0.02766170104400771
-0.281914091187405
1.9039018082960975
1.330131623036643
-1.1460724573744694
-0.9330656038068946
-1.3378876149368744
-2.883852867173463
1.1729632961775232
2.7006303039633814
1.663128424036575
0.006156664661308685
0.6764492942970285
0.32501707079189784
2.6000563146809124
1.0077468958226332
0.33734724997193105
-2.213095710556631
-0.866343808356085
-0.7429003502794214
0.35870985117280957
-0.8003072758928893
0.40169113347929614
1.9253584121675829
-0.7456091312934244
0.9856756483611324
1.3655154338557978
-1.6621409416238804
-3.1306705923961538
-0.707615148039775
0.8754082389247075
-0.6349427112099477
0.6356253926123435
0.6808605898796521
2.183250003768288
2.027513547389396
1.7187155249413664
2.8594827765949864
-1.53701760749253
-1.017222882380293
-0.16958752869352559
1.5958834343058883
1.8564891921717606
1.919796901380347
0.8496416135751022
0.05188196633028028
0.49989158943257755
1.2096807118842103
2.5210911359317287
-0.3782561398480049
-1.5826583841768074
-0.5713224045115572
