-2.058042264850896
-1.826321120851506
-2.5453067479289895
2.2839028911691783
-1.1493114308960906
-1.8141420524163456
-3.106505652805082
2.1044850293128206
-2.764674625194075
2.412560359244469
-2.8140935506990052
-2.578724413365117
2.273563421911434
0.2596654105009338
1.4368836896689599
-1.0490077335235422
1.4491490954421387
-1.0068113336758657
2.8020150819691296
1.9000352364462376
2.9734063581439587
-2.4442952650566094
-2.5959027315852183
2.949831290288225
2.5178590180191307
1.6792788998351196
-0.6167726211301503
2.3587311066101724
2.6973788623617074
1.1662444318626992
-2.999101456627691
-0.07250576184347704
