0.09270023691321466
0.12909108142658918
0.17519078059721024
0.21893817891271625
0.21099121096817014
0.14435224600371568
0.09106653578094796
0.11830229368145766
0.20388572955511175
0.279246676973984
0.32546411519077795
0.37520576580746223
0.4415907768358543
0.5045936665062591
0.5606775409244616
0.6255891159282259
0.6823864430779966
0.6875337374798415
0.6508913818984328
0.6538960631130313
0.7461256204729692
0.861691161698777
0.8917774222591832
0.8259536221313231
0.7675066157220314
0.7986244745709441
0.8747206574071867
0.8845275429107045
0.7930677343961013
0.6823352182890831
0.6438643857264937
0.6693741130805387
0.678944550582831
0.6334371226617134
0.5682540064724368
0.5158282165035578
0.45576462685008906
0.37398272885083905
0.3176229021795607
0.33093221772381454
0.36831992450549605
0.3460525473142602
0.27354075516178605
0.253655974701724
0.3350479153011765
0.44144136753467444
0.4891978842601558
0.5071590903466373
0.573668138844483
0.679924994375428
0.736802270237341
0.7039844633480622
0.6361141766818499
0.5905656063650626
0.5546167287606317
0.4939075375760524
0.4278716405475274
0.4160690830056231
0.4840499363946663
0.5880996910398154
0.6511457000966187
0.6297731427855306
0.5582933750483187
0.5263210482800409
0.5914202443572755
0.7097966253536361
0.7768933253475303
0.7442389917106413
0.671832859239794
0.6537492173671384
0.7171869067390673
0.81219202493078
0.8771479364936556
0.8882217989205743
0.8586135806393818
0.8194677693469036
0.8036967750467013
0.8294641068601905
0.8898829488381377
0.9581746549210985
1.0
0.9882810662945156
0.9266884030970329
0.859965282314509
0.8328230316235427
0.8282622689056295
0.7810659434751732
0.6757375155644204
0.5922276541983036
0.6083403110235376
0.6844219373200491
0.7096333429136419
0.6570305114120916
0.6186020210462175
0.6631046435376557
0.7294795478833448
0.7152616659726995
0.6223665141591952
0.5440670800450121
0.5280096464388113
0.5270463519904459
0.49070254162004306
0.43430750639195326
0.3886057653425062
0.3390732638253296
0.26247428515117793
0.18604476078952029
0.15746071993832497
0.17678111868718455
0.20997746355247954
0.25556026048401137
0.33622898772354154
0.42325514819345506
0.44048546315052917
0.3751328378734779
0.3229913598869237
0.3664831883250905
0.44807133238437535
0.4379609604266289
0.31512365353462146
0.20313179037366932
0.20780988271356535
0.28711962576754896
0.3240385351945914
0.27784077717775335
0.20395666474991758
0.15093090886131544
0.10632001594923168
