0.5813232734178442
0.7060668224434952
0.7710507718687031
0.8105266517556662
0.6533295307583674
0.226583101342305
-0.15612904817880363
-0.09917465862066507
0.320234736898604
0.5895687856499846
0.4178191764384112
0.10154502769095228
0.09070019057071979
0.3897599708375389
0.6063414174521864
0.4875943683301709
0.1734553015227977
-0.06321047028253522
-0.10889713093808104
0.005900188176112795
0.2213327647886588
0.4273799499265869
0.45156569153246834
0.2212560459607721
-0.09602132341888943
-0.23785121323494723
-0.141432428674164
-0.00621149169431205
-0.04266148403853939
-0.23144038175201753
-0.3735086137110736
-0.33026491053676293
