-1.484715888943229
-1.484715888943229
3.102745426962853
3.102745426962853
-1.840820124644795
-1.840820124644795
2.9256699631851646
2.9256699631851646
2.0868643941484066
2.0868643941484066
-2.7238281195879512
-2.7238281195879512
-2.4132100977909974
-2.4132100977909974
-2.679964908070674
-2.679964908070674
-1.3048659259181898
-1.3048659259181898
2.159631802589233
2.159631802589233
-2.429689567377147
-2.429689567377147
3.042515739976032
3.042515739976032
3.0655785320780544
3.0655785320780544
3.016624337082485
3.016624337082485
-3.0260889803520516
-3.0260889803520516
2.6447989132767136
2.6447989132767136
2.905840372166216
2.905840372166216
-1.329797240164374
-1.329797240164374
-1.7836520588826155
-1.7836520588826155
2.985438027202174
2.985438027202174
-2.6738578131371993
-2.6738578131371993
-2.8814808821998334
-2.8814808821998334
-1.8420688976074635
-1.8420688976074635
3.0321319766454247
3.0321319766454247
-1.387413024355489
-1.387413024355489
-2.674700428541349
-2.674700428541349
-1.1310762145999915
-1.1310762145999915
-2.945060108131669
-2.945060108131669
-2.168134487291107
-2.168134487291107
-0.646486996033856
-0.646486996033856
3.111322992190793
3.111322992190793
2.8283823558911996
2.8283823558911996
2.7451475459778805
2.7451475459778805
2.3724429791380475
2.3724429791380475
2.4098199353116234
2.4098199353116234
0.8008119238362127
0.8008119238362127
-2.605821238827099
-2.605821238827099
0.5197406599237703
0.5197406599237703
-1.26107504206819
-1.26107504206819
1.5423921118932868
1.5423921118932868
-2.184489495104416
-2.184489495104416
2.6991376448334137
2.6991376448334137
-2.6740988810902078
-2.6740988810902078
3.0608199519508292
3.0608199519508292
0.062246520725925646
0.062246520725925646
-2.808807547757365
-2.808807547757365
-2.735605544647964
-2.735605544647964
2.424309901019852
2.424309901019852
0.4782795802280604
0.4782795802280604
1.6679201549969669
1.6679201549969669
1.150942853681687
1.150942853681687
1.3404726465834524
1.3404726465834524
1.3896589213607458
1.3896589213607458
-3.1375764193111397
-3.1375764193111397
0.4833722982226362
0.4833722982226362
3.0013879897414437
3.0013879897414437
-1.429332054489189
-1.429332054489189
2.9469269370309954
2.9469269370309954
2.9013485798250356
2.9013485798250356
1.5610322249624458
1.5610322249624458
-0.5321362572356645
-0.5321362572356645
1.4583380520588969
1.4583380520588969
-2.7408291189978335
-2.7408291189978335
-2.5793971349714044
-2.5793971349714044
