0.5574700228607881
0.9522045904770492
0.00772237433147735
0.5617387641821837
0.6464327744320086
0.07141483513588737
0.9843579287494411
0.20298348827316648
0.5943001115164777
0.47999722297458947
0.11625672982731572
0.32289875116558137
0.7516180418399695
0.3447870655996287
1.0
0.4447294692314084
0.4834333888483701
0.8508720844897791
0.7219808968533681
0.10521235758617371
0.47435013646491087
0.7249860189679702
0.1696474255104426
0.6212824144155407
0.8283887467554631
0.5881422696929476
0.0065084121793247025
0.38845534052044245
0.42452753109558683
0.46466415926903853
0.865218359342811
0.9839478154251106
0.8517491431595343
0.11617783107040379
0.45820048890547005
0.6576600452206443
0.04923910671264759
0.25663687706229144
0.9152623596478923
0.5653193720447462
0.9050634619166825
0.19022125416284227
0.24779007272375628
0.09119418454654986
0.017058943868905302
0.6420326592530341
0.15057627030146045
0.5077351261757508
0.9364377687168507
0.34409567509479566
0.05681461705007171
0.5573872018653404
0.4523010193108237
0.9132135060372111
0.8510027278781166
0.29434940778672614
0.9758966054114703
0.680228187680493
0.21318437518092173
0.22787657964704502
0.8226686902116715
0.29714774630977675
0.3452589935877914
0.8032264025369474
