0.597775444663322
-0.02406417569955596
-0.16156948851496244
0.23219374033457515
-0.14574822899647383
0.2542612723564349
0.06735844496831872
0.038532615321653856
-0.46171095182205535
-0.14353068783092304
-0.07451198734983885
0.2198771132419013
0.2470740854036338
-0.520681451622719
-0.0292142910403285
0.3327628930387312
0.1833494261634964
-0.12428989476841984
-0.9828185299881477
0.06008928169546317
-0.3510816452686211
0.11478685408385045
-0.44267752262959525
0.03275367017287227
-0.17152957735879107
-0.8072102790082346
-0.2111996833540158
0.4573863790890497
-0.7081454939065277
-0.5376256774668197
0.0016994705366962506
0.7341472089799213
0.47125177178896466
0.0652638273567292
0.2507895201670266
0.017786246901845968
0.4910315696966826
-0.4914872425629392
-0.5021054228828925
0.009856176640907797
0.2660522199531543
-0.15595753433326026
0.05920682861383706
-0.039127016937564874
0.0006827861385918428
-0.24780363565026572
0.008304735331316595
0.049349680118596695
-0.04844744515514183
0.03921099258561149
0.3569936102971705
0.02030194732812236
0.43656354470257963
0.10355095770053925
0.007025703223346568
0.3840247215619176
0.02876172817961728
0.01425087173297886
0.10122203552901105
0.14200257469309008
0.021569589556747492
-0.27562298531818774
-0.1396376436646989
-0.058429526021068635
