0.4425417687593738
-1.9684293268918784
1.3455755228736395
0.9011618541353158
0.6466496008376135
0.03867851612743243
1.4627853656823442
0.8261860433615453
1.8471743561610945
0.7841351790033327
0.37375422613575804
0.3844007801550355
0.4006529691934769
1.0452680244084394
1.9975483237275853
0.8717253241078058
-0.11063500565153545
-2.6182465529512413
0.3210778972088749
0.2934776013544035
0.184824828197335
0.5515666022159481
0.8727348773610951
0.9719522343130044
1.1125679956946077
0.7106314613310166
1.2487502233195082
1.2568232222310178
1.5317281624457981
1.295288515933238
0.7427954010123512
0.8500266813845994
1.0429430904224188
1.035110767859852
0.3307003074677262
0.5737329926313389
0.906488365718324
0.9210678900217611
0.6537597541668045
0.6016642383173394
0.6389652649653117
-0.22869864099060677
0.39994873852284557
0.32189843443123217
-1.1232109836326793
0.9074653685213696
0.6758917778594568
0.09900166418066955
0.654574662366023
1.2157682716072005
-0.7194105575503965
0.6184579724883885
0.15074342344660013
-0.07742723729960266
0.24487161416601141
0.9809452285356817
1.1085014660066455
0.15837670860089964
-0.8754268593085631
0.08193335515248014
-0.17649867718364692
-0.4997675392519211
0.23508474223509573
-0.8240056487539574
1.3432952703138479
0.6827052904151637
-0.036905107051439706
0.5139691433576198
-0.8997124026175014
0.2737152711836662
0.029288972897757753
0.8544886758216187
0.806903402356369
0.6684592828408117
0.8336470203703826
-1.3063516141978866
0.7887635333893737
0.09969312442479768
0.4208570637955182
1.374019501627326
-1.0697039174759602
1.7825801394071965
0.04287754374059088
-1.0121775777526538
-2.9079076959020136
-0.36374514115404566
-0.7915680014638833
-1.4177609167963563
1.2122516610293057
2.0272743122750323
0.150512908933816
-1.0983699371368767
0.8191568631613421
3.004785091848821
0.11475410006548643
-0.30300676796990667
0.3666806956205043
1.2434756843211798
1.5437105167325726
0.8549605031817523
-0.6986460500504745
-1.3058267602633775
1.5438843668961197
-0.05052680903960979
-1.203281333304492
0.23696912404522116
-1.2144857005117946
0.08926566657277481
-2.933329437516699
1.398602996208514
1.0887744756883118
2.386601836422997
0.7333304396958411
0.615423729397863
-1.2728631078883235
-0.8130636324754136
-0.9412733754485209
-2.902301241911541
0.7745879552456238
0.04797241569360455
-1.9590999572339496
-1.1980600711178513
-1.5617789925631698
-1.918326331603407
2.96446321044554
-0.32842845394747194
-1.4256428703909938
-0.9501902009202877
-0.5408564464534138
0.724294678555676
-1.2565171472319556
0.0021357990392873037
1.4092140922163539
0.32037727684309925
-0.07483304872301262
0.15523409066787125
-2.9646454562929576
-0.6803365597843131
0.5207991898579648
-1.225730503824587
0.7679095245120617
-1.937582624469695
-0.5356488456406299
-0.3176698596039801
-0.0408333606310045
0.7293553779127647
-1.0025407619328561
0.42105383910025324
0.12622783202991275
-2.0317471802272133
1.2241931486926039
-0.13715697022800263
0.43555250973803433
-1.623349540622
-0.7113969565145278
1.2124567523089071
0.5122566135389636
-1.4835593308726154
0.05642562951799216
-1.114998514316923
-1.4368798178487627
-2.0900047704927625
0.4443110299116642
0.10177737951248572
0.6452133465163385
-0.24598088069103
0.37138254733484666
1.455001570035052
0.6032598936679141
0.20158465975373052
-0.5492296810139073
-0.035275837163987654
-0.588629414314785
0.13248935994951186
-0.9731953764883
0.02050707529832602
-1.3068311433798387
-1.517483917868271
-0.03267465056512707
-0.24872799106029966
-2.1718211081746763
-0.4978735642912541
-1.6771347566868873
-0.3383681229342138
-1.2903782449618932
-2.3283123090081257
1.0383471159990876
0.3501723219445951
-1.0206376860625817
0.4293655183274608
2.3221210773836427
0.38485244096827925
0.35492482870557585
1.1986112458830238
-0.22801781785940445
0.6363777114520484
-0.1567887459896032
-0.7244184239760324
-1.2854234575779884
-0.10088050876596347
0.7063600467688249
-0.5993928327130256
-0.22672959419627856
0.5020099916304497
-1.6535359430997374
-2.279208676308023
0.08976409251999476
0.5992753487698624
-0.940592885561364
-0.17106270286627315
-0.39875271262264705
-0.8282272021596162
0.6081778331680356
-0.6646612019261567
-0.0837314205166396
-0.9225921635270273
-0.13727005608782303
1.5026870988709595
-0.533082844858649
-0.6579539087689487
-0.014488176141584205
-1.8037116360198062
1.1210761696507738
-1.6438441166134288
-0.9365053371570139
-0.8628502461520289
-0.7105596135605095
-0.9804628727889122
-1.061400259866496
0.07372541307409575
-0.42342563837270764
-0.9381313916344823
-0.38822464067111967
-1.1661014961285798
-1.3565231139879512
-0.9256315724291122
0.034107772080149
-1.1042263075590968
-0.4541316145135632
-0.22884112950308244
-0.6808076419957861
-0.29319449540336145
-0.8899060795134576
-0.35115932805615857
-1.0556730245191925
-2.4085621841256386
-0.7563086188161564
-0.9177992256849771
-1.085392882405798
-0.4242272003862564
-0.631629635255874
-0.7860899062443455
0.007512020977683478
-0.2136618531938414
-0.6699983446505381
-0.32158740513478945
