-0.5564906058370114
-0.008063153283226248
0.9760565123406832
-0.10593224624972691
0.6492368013668786
0.1019953634601647
0.18888241677657075
0.06589218991052904
0.04749914158558562
0.3129179469286809
-0.09146546377060262
0.12316053223299957
0.18247043026621487
-0.26784330467080725
0.34455817737824584
0.631745206758069
0.645958114659801
0.1934642267519513
-0.13529330443333518
-0.3072589663997171
-0.06415055601312841
0.08917935702324808
0.20312249338880042
0.09727450054095957
0.30908383295758274
-0.017897405775524063
0.02694046925889777
0.7652329626313525
-0.37360816844614725
0.10295488836118244
-0.00145973444803671
0.40402211765658796
0.582801224223422
-0.7095494309999322
0.33882261109040196
0.41538207978183456
0.3521621126555568
0.5963775237100916
-0.08896621101613723
-0.007134560114926095
0.5089330288033937
-0.05631371906410612
0.08987327386902752
0.16743021102528555
0.21900187999281812
0.7003212785249907
0.18870003080179784
0.3844202684370788
0.02283063655125182
0.3264240172650465
-0.2380544202423501
-0.033666026171380155
0.899057549123873
0.5383301705911151
0.6477740024680826
0.15966282396009998
-0.09756980884358352
0.8291633344613891
-0.037546326134696155
0.2373972434314477
-0.006714189086336833
0.349947452061219
0.5187683688621176
0.20168668819105867
