0.06749934065329355
0.15970531904324892
0.27966974113115206
0.3996341632190551
0.3562896801176061
0.4762541022055092
0.3562896801176061
0.23632525802970294
0.35628968011760614
0.4762541022055092
0.5962185242934123
0.7161829463813153
0.5962185242934123
0.7161829463813153
0.5962185242934123
0.47630481707262684
0.35634039498472364
0.23637597289682052
0.18126722483679703
0.3012316469247001
0.18126722483679703
0.3012316469247001
0.4211960690126032
0.5411604911005063
0.6611249131884094
0.5411604911005063
0.5567059846420633
0.43674156255416013
0.3167771404662571
0.19681271837835398
0.3167771404662571
0.43674156255416013
0.5567059846420632
0.6766704067299663
0.7966348288178694
0.9162698281513519
0.9572829806741352
1.0
0.880035577912097
0.7600711558241937
0.6401067337362908
0.6437742517883539
0.5238098297004509
0.40384540761254784
0.5238098297004509
0.6437742517883539
0.523809829700451
0.6437742517883539
0.7304723997153239
0.8504368218032269
0.7304723997153239
0.6105079776274208
0.49054355553951773
0.6105079776274208
0.7304723997153239
0.8504368218032269
0.7304723997153239
0.6738255769988458
0.6919287749474979
0.5719643528595948
0.4749798939412129
0.3550154718533099
0.2350510497654068
0.11508662767750368
