-1.1366048945278309
-1.0624191210263263
-2.354883237330977
0.1729572687080794
1.4500370273824839
2.8167562877454158
1.5790379727700365
1.716182360286839
-3.076022361065125
-2.2140766411249433
-2.5762617252244477
-2.642548756542256
-2.654208478483787
-2.820837717494249
-0.6246893095979128
2.9641961125497724
-1.9265977761049566
1.6869043053097637
2.372300827345332
-0.7898283718926626
-2.7609424445474327
-0.979992738114522
-1.3733775976777587
-0.6120262290120471
-2.4428538994020625
-3.020643346866742
2.8138342625625623
0.6604989395444848
-2.322139984422138
1.8969844304034424
-3.0367263023501225
-2.414373258396578
-0.7556395180473905
-2.8883481402248523
2.2551905710270663
-2.7428012727801763
2.805987421300676
1.1979244386447838
2.547636498246367
3.081033090578083
-2.6780919357418465
-0.26626901048174495
1.9899942795587464
2.0499450036595577
2.84275917409256
2.6562807602963376
2.81224434935794
2.9317320600188186
2.1409869034801785
2.680464355963962
2.7491397850909216
2.710387279427417
-1.5377357155510822
-0.533923124187526
-2.543983896519149
-2.3774702835180426
-0.21893912427055476
2.6583774051219153
2.3189998140116423
1.568137018592365
-2.6275260901536743
2.17867265388151
2.0205294690762083
-2.7780591365202127
