0.0669818788069594
0.12792076791947918
0.1581530993016049
0.1910357241827234
0.2742176807443088
0.3702527898208503
0.39743998818812765
0.36036799009657483
0.3515215327282049
0.4118474614129701
0.4708259511777668
0.45065296080224143
0.3629917591135347
0.27465317035045694
0.2349231351451145
0.2613471393433036
0.3417378188443187
0.4261185355107777
0.46923364780550403
0.49782913438949056
0.5745683668612419
0.6807115111737716
0.7163231081483274
0.6519811528588678
0.592537262941362
0.6287443941851885
0.7025980813266833
0.699551181840073
0.613418987189206
0.5287637031138406
0.48199101583560194
0.4360504520912209
0.37079776283027194
0.3070498921236089
0.2502720375314351
0.19413478923085367
0.17275259455528946
0.2222624186903157
0.2907768789852422
0.2812684330488164
0.20077328923179072
0.1714224213812298
0.2572096260203728
0.3717584012809459
0.41615319460885164
0.4258245628588123
0.49500730717712754
0.6106636573839248
0.6647552187521526
0.6171075284175196
0.5491299657701373
0.5376802834296167
0.5547863587432988
0.5319147776993981
0.4643929227491347
0.39694873406791586
0.3416800758328243
0.27529758776689073
0.20957581154760127
0.20060484062398548
0.2690067529774998
0.36025362506714237
0.41671335375057367
0.451795153373163
0.5114354997145008
0.5920186333424987
0.6516986211319354
0.6888613853553726
0.7459319639330174
0.8303193834785539
0.894347007931491
0.9140607187120919
0.9288840992571477
0.969592945648446
1.0
0.9746980019920338
0.9107589677610654
0.85160683746434
0.796857929117997
0.7249448195323152
0.656556377061983
0.6323402287919336
0.6414020293659667
0.6295088578956523
0.5721618737121825
0.4933280535489695
0.4255871101865023
0.3989188932630779
0.44579957816994914
0.555312442327662
0.640428469172698
0.6234965759833493
0.546641942456655
0.5229068568754092
0.5828710287234649
0.6537502404013565
0.6924915155724869
0.7391452835892344
0.8109983047816963
0.8441536419434318
0.7935614394336964
0.7083087432601217
0.6472865644859415
0.5943406377726124
0.5245765155060791
0.48537560779732664
0.5294152933658384
0.6198472635606253
0.6863410636108913
0.732050370218436
0.7961981861127655
0.8467011756417854
0.8129298852796698
0.7137991510872894
0.6525308157427995
0.6726969824224633
0.7058008532147677
0.6826413605835983
0.6197357909165364
0.5646420311306322
0.5211594552600942
0.4685376944565538
0.40774948743248696
0.3505358934588413
0.29376159258522894
0.2322619859764561
0.17206473272651485
0.11420435329867278
