0.03809939246262911
0.11801054645388742
0.03809939246262911
0.11801054645388742
0.19792170044514576
0.27783285443640404
0.19792170044514573
0.27783285443640404
0.19792170044514573
0.11801054645388742
0.17844504458276567
0.22518753190518367
0.30509868589644196
0.36071076806993313
0.4406219220611915
0.5205330760524498
0.4406219220611915
0.5205330760524498
0.6004442300437081
0.6803553840349664
0.7602665380262247
0.840177692017483
0.9200888460087414
0.9999999999999998
0.9200888460087414
0.840177692017483
0.7602665380262248
0.840177692017483
0.9200888460087414
1.0
0.9200888460087414
0.840177692017483
0.7602665380262248
0.6803553840349665
0.7602665380262248
0.6803553840349665
0.6004442300437082
0.6803553840349665
0.6614941100625372
0.7414052640537956
0.6614941100625374
0.5815829560712791
0.5016718020800208
0.5815829560712791
0.6155639359213514
0.6954750899126098
0.6155639359213515
0.6954750899126096
0.775386243903868
0.7224496932642926
0.6425385392730343
0.5626273852817761
0.6425385392730343
0.6646257420316554
0.5847145880403971
0.5048034340491387
0.4248922800578805
0.3449811260666222
0.41737210731723057
0.33746095332597226
0.25754979933471395
0.17763864534345566
0.09772749135219734
0.027204165218967218
